,gdp_per_capita,age65,trade_openness,polity,democracy,total_left,presidentgdp_per_capita,1,0.73,-0.21,0.37,0.47,0.2,0.17age65,0.73,1,-0.3,0.48,0.45,0.23,0.36trade_openness,-0.21,-0.3,1,0.2,-0.28,0.15,-0.21polity,0.37,0.48,0.2,1,0.22,-0.02,0.08democracy,0.47,0.45,-0.28,0.22,1,0.08,0.3total_left,0.2,0.23,0.15,-0.02,0.08,1,0.25president,0.17,0.36,-0.21,0.08,0.3,0.25,1